46,406
46,405
46,7
46,6
46,5
46,4
0,273
0,270
32,1
32,3
3,2
3,1
3,3
10,12
10,10
10,20
10,83
10,245
10,19
10,103
10,167
11,22
11,10
11,11
11,9
11,4
11,19
9,4
9,6
8,15
8,16
8,13
8,2
8,3
12,2
12,1
12,3
20,2
20,1
20,3
19,2
19,1
19,3
18,1
18,3
14,1
14,3
13,1
13,3
111,5
111,4
111,3
111,2
111,1
111,0
57,3
57,1
49,3
49,1
48,5
48,4
48,3
48,2
48,1
46,404
2,2
46,403
46,402
46,401
2,1
46,400
46,399
46,398
46,397
46,396
46,395
2,3
46,394
46,393
46,392
46,391
46,390
46,389
46,388
46,387
46,386
46,385
46,384
46,347
46,346
46,345
46,344
46,343
46,342
46,341
46,340
46,339
46,338
46,337
46,336
46,335
46,334
46,333
46,332
46,331
46,330
46,329
46,328
46,327
46,326
46,325
46,324
46,323
46,322
46,321
46,320
46,319
46,318
46,317
